SNR=[2, 4, 6, 8, 10]
MMSE=[0.07737337499999997, 0.04317274999999998, 0.019879624999999956, 0.0073568750000000405, 0.002146250000000016]
GNN=[0.06514724999999999, 0.02902862500000003, 0.009371499999999977, 0.0021383750000000257, 0.0003782500000000244]