SNR=[12, 13, 14, 15, 16, 17]
GNN=[0.02630802083333328, 0.011371250000000055, 0.0040920833333333295, 0.0012529166666667146, 0.0003145833333333403, 7.062499999999083e-05]